1 0 1 0
2 0 2 0
3 0 14 0
4 0 0 0
5 0 33 0
6 0 0 0
7 0 54 0
8 0 29 0
9 0 37 0
10 0 59 0
11 0 35 0
12 0 38 0
13 0 21 0
14 0 10 0
15 6 6 0
16 8 12 0
17 11 83 14
18 11 49 14
19 13 13 0
20 15 38 3
21 15 20 3
22 17 19 0
23 21 27 21
24 21 28 21
25 22 81 13
26 22 50 13
27 28 29 23
28 28 30 23
29 30 34 0
30 30 83 8
31 30 83 8
32 31 35 28
33 31 36 28
34 36 39 0
35 36 37 0
36 36 83 11
37 36 83 11
38 37 37 33
39 37 63 33
40 39 83 20
41 39 54 20
42 39 61 12
43 39 65 12
44 40 41 34
45 40 40 34
46 40 41 0
47 44 53 0
48 51 58 26
49 51 57 26
50 55 78 7
51 55 77 7
52 59 65 48
53 59 64 48
54 60 83 10
55 60 83 10
56 62 83 42
57 62 81 42
58 64 83 39
59 64 83 39
60 66 83 43
61 66 83 43
62 66 69 52
63 66 66 52
64 67 69 0
65 67 67 63
66 67 68 63
67 70 83 64
68 70 83 64
69 70 76 62
70 70 75 62
71 71 72 0
72 77 83 69
73 77 83 69
74 79 79 0
75 80 83 0
76 82 83 57
77 82 83 57
78 82 82 25
79 82 83 25
